199 108 216 153
200 109 216 154
198 112 214 159
194 113 213 160
193 117 211 168
191 120 210 172
190 123 208 173
188 124 207 172
183 127 205 174
180 126 199 178
175 128 195 183
173 131 194 186
171 135 190 187
170 134 186 186
165 137 185 186
161 137 180 189
159 138 175 189
153 140 171 195
150 141 169 198
145 143 165 197
140 143 164 196
137 144 159 195
136 144 157 196
134 143 155 197
133 143 155 197
132 143 156 197
133 143 157 197
136 143 159 197
136 145 164 196
142 144 166 197
149 144 173 196
154 144 180 196
159 143 184 194
167 141 187 193
171 140 195 192
173 139 199 191
180 137 203 189
184 134 206 187
190 134 212 185
195 129 217 180
197 128 218 180
199 125 221 177
202 122 225 169
203 120 226 168
206 116 227 169
206 113 228 166
207 110 227 159
206 107 229 157
207 106 227 154
204 103 225 151
203 103 224 150
199 100 221 149
198 99 218 148
196 99 217 147
193 95 213 146
188 93 208 140
187 91 205 141
183 90 205 135
183 86 201 134
181 84 200 134
179 84 199 129
178 79 197 125
176 76 195 125
175 77 195 125
174 73 193 117
173 71 191 117
171 70 189 112
170 68 188 110
166 67 186 111
163 67 184 106
161 63 179 106
159 61 178 102
154 59 174 103
155 56 171 102
150 53 168 101
148 51 166 100
145 50 164 98
142 47 158 94
140 46 157 94
138 46 157 92
135 44 153 89
132 42 149 90
130 40 149 84
130 39 147 86
130 38 147 84
130 38 147 81
130 36 146 84
131 35 148 81
131 34 148 79
132 34 148 80
133 32 148 75
133 31 150 76
135 31 152 74
138 31 153 75
140 31 156 75
140 32 157 72
141 32 158 74
142 32 159 73
144 36 160 72
143 38 160 74
144 41 161 76
146 44 162 79
146 45 164 80
151 48 167 83
155 50 172 88
157 52 174 86
162 56 179 96
167 61 183 101
169 63 186 103
177 72 195 110
184 78 201 114
188 81 206 124
190 88 209 127
194 91 214 130
199 98 218 139
202 100 220 141
204 109 224 155
209 113 228 158
211 118 232 167
214 124 234 172
215 130 234 180
217 140 238 187
219 144 238 193
219 149 241 203
219 158 239 208
218 161 239 211
213 168 237 220
210 174 234 229
208 181 227 234
203 183 224 234
196 186 222 242
187 191 209 248
179 192 206 248
172 195 201 249
164 193 185 250
158 193 185 249
150 191 175 248
143 189 165 246
138 188 163 244
135 186 157 237
132 181 151 237
126 178 151 237
125 176 150 235
124 170 145 227
123 167 144 222
122 165 143 224
121 159 142 211
120 156 142 210
120 153 143 208
122 149 142 203
121 145 142 199
121 141 142 197
119 137 142 189
120 134 142 187
120 131 141 186
120 129 141 183
119 124 141 176
118 121 138 174
118 120 138 173
116 114 137 166
117 112 137 164
117 111 137 158
117 107 137 156
117 105 137 155
118 104 136 149
118 102 137 147
121 98 137 146
122 95 138 143
122 94 139 143
124 92 141 137
126 89 142 136
127 87 142 135
128 89 143 133
127 85 145 132
127 84 145 129
128 85 145 129
130 85 145 128
132 84 147 126
133 84 150 126
134 84 149 125
136 87 153 108
137 87 152 105
139 88 154 106
138 91 152 109
136 93 152 111
135 92 151 112
133 94 151 137
134 95 151 141
132 95 152 142
134 97 156 144
136 98 157 144
139 97 158 145
138 98 159 144
138 99 157 144
138 99 157 146
137 100 157 149
138 101 158 148
136 102 156 149
138 102 156 149
134 103 151 151
128 105 148 153
125 106 146 153
122 103 139 154
120 103 137 152
117 102 136 151
113 101 135 151
113 101 132 150
114 102 133 151
112 101 134 148
112 101 134 150
112 101 132 151
110 98 130 150
110 98 127 149
111 97 129 146
112 95 131 144
111 90 131 142
111 88 130 135
111 89 130 136
112 85 130 132
