199 108 216 154
198 109 216 153
195 111 214 160
194 111 214 160
193 114 211 167
190 118 210 174
189 120 208 175
187 122 207 175
182 124 207 176
179 126 201 177
176 126 196 182
173 129 193 186
170 133 190 190
168 133 188 188
164 135 185 189
159 136 183 189
156 137 177 191
152 138 172 196
147 141 171 198
145 141 165 198
143 142 163 198
139 143 161 199
137 143 157 197
136 141 154 197
133 142 153 198
131 142 154 199
131 142 155 197
134 142 158 199
137 144 162 198
139 144 162 198
148 142 169 198
150 142 174 197
158 141 180 194
161 140 182 194
169 138 190 194
173 138 197 192
175 138 200 189
183 135 202 190
189 133 210 188
193 130 212 184
196 127 215 182
199 123 220 179
203 120 222 173
204 119 225 171
205 115 226 169
206 112 226 166
206 107 228 162
207 106 226 160
207 104 227 158
205 102 225 151
203 100 224 152
199 100 220 151
199 99 218 148
196 97 214 148
193 95 212 147
190 92 208 145
186 90 206 141
186 89 206 141
184 86 200 136
182 83 199 135
179 81 198 134
178 78 196 126
177 75 195 126
177 75 194 126
173 72 193 120
173 69 190 119
171 68 188 117
170 65 188 113
169 62 186 110
165 62 183 109
163 62 180 106
160 58 176 104
156 56 173 101
155 56 171 102
150 53 168 101
148 51 166 100
145 50 164 98
142 47 158 94
140 46 157 94
138 46 157 92
135 44 153 89
132 42 149 90
130 40 149 84
130 39 147 86
130 38 147 84
130 38 147 81
130 36 146 84
131 35 148 81
131 34 148 79
132 34 148 80
133 32 148 75
133 31 150 76
135 31 152 74
138 31 153 75
140 31 156 75
140 32 157 72
141 32 158 74
142 32 159 73
144 36 160 72
143 38 160 74
144 41 161 76
146 44 162 79
146 45 164 80
151 48 167 83
155 50 172 88
157 52 174 86
162 56 179 96
167 61 183 101
169 63 186 103
175 68 191 108
180 74 196 117
185 78 201 120
188 80 205 124
194 88 210 128
197 93 214 141
199 95 216 143
204 102 221 147
206 109 226 154
210 114 229 166
213 118 231 172
215 126 232 173
216 137 236 190
215 140 237 190
219 147 239 196
219 157 238 208
218 159 238 212
216 165 239 221
211 173 232 227
207 179 227 236
206 183 225 236
197 184 222 243
190 190 211 247
186 190 208 251
172 194 202 250
166 192 186 253
162 192 183 252
155 191 177 250
146 188 166 248
143 187 163 247
135 186 159 244
132 181 150 240
128 177 148 237
127 176 147 237
125 171 146 228
122 166 143 224
122 166 141 223
121 159 141 214
120 155 140 212
120 153 140 210
122 150 140 206
122 146 140 202
121 141 140 198
121 140 139 195
121 134 139 189
120 130 139 190
120 129 138 185
120 125 137 178
118 121 137 175
118 119 136 173
118 114 135 168
117 110 134 168
116 107 136 163
118 107 135 157
116 105 136 156
117 104 135 152
118 103 134 147
118 95 136 145
121 95 138 144
121 93 138 139
123 91 139 136
125 88 141 134
126 87 141 134
126 85 143 134
125 84 143 132
128 83 144 131
126 83 145 130
129 82 145 130
132 83 148 129
133 83 148 129
132 82 147 127
135 85 148 126
134 85 150 125
135 87 151 104
138 87 153 133
136 90 152 120
135 90 149 110
133 91 150 138
133 92 149 141
133 94 149 141
133 94 153 144
134 95 156 147
137 96 157 145
137 95 156 145
138 96 156 146
138 96 157 148
136 97 158 149
136 100 158 150
136 100 155 149
136 100 156 150
133 100 152 150
128 102 143 153
127 103 143 154
121 101 140 155
120 101 137 152
118 100 138 151
113 100 135 152
111 99 135 151
113 99 133 153
111 99 133 150
110 99 134 152
109 98 131 152
110 98 131 151
109 97 127 151
109 96 126 148
110 94 128 144
108 91 129 143
111 87 128 139
111 87 128 138
111 83 129 133
